0	:invoke	:broadcast	0
0	:ok	:broadcast	0
1	:invoke	:read	nil
1	:ok	:read	[0]
2	:invoke	:broadcast	1
2	:ok	:broadcast	1
3	:invoke	:read	nil
3	:ok	:read	[0 1]
4	:invoke	:broadcast	2
4	:ok	:broadcast	2
0	:invoke	:broadcast	3
0	:ok	:broadcast	3
0	:invoke	:read	nil
0	:ok	:read	[0 1 2 3]
1	:invoke	:read	nil
1	:ok	:read	[0 1 2 3]
2	:invoke	:broadcast	4
2	:ok	:broadcast	4
3	:invoke	:broadcast	5
3	:ok	:broadcast	5
4	:invoke	:read	nil
4	:ok	:read	[0 1 2 3 4 5]
0	:invoke	:broadcast	6
0	:ok	:broadcast	6
0	:invoke	:read	nil
0	:ok	:read	[0 1 2 3 4 5 6]
1	:invoke	:broadcast	7
1	:ok	:broadcast	7
2	:invoke	:read	nil
2	:ok	:read	[0 1 2 3 4 5 6 7]
3	:invoke	:broadcast	8
3	:ok	:broadcast	8
4	:invoke	:read	nil
4	:ok	:read	[0 1 2 3 4 5 6 7 8]
0	:invoke	:broadcast	9
0	:ok	:broadcast	9
0	:invoke	:broadcast	10
0	:ok	:broadcast	10
1	:invoke	:read	nil
1	:ok	:read	[0 1 2 3 4 5 6 7 8 9 10]
2	:invoke	:broadcast	11
2	:ok	:broadcast	11
3	:invoke	:read	nil
3	:ok	:read	[0 1 2 3 4 5 6 7 8 9 10 11]
4	:invoke	:broadcast	12
4	:ok	:broadcast	12
0	:invoke	:broadcast	13
0	:ok	:broadcast	13
0	:invoke	:broadcast	14
0	:ok	:broadcast	14
1	:invoke	:broadcast	15
1	:ok	:broadcast	15
2	:invoke	:read	nil
2	:ok	:read	[0 1 2 3 4 5 6 7 8 9 10 11 12 13 14 15]
3	:invoke	:read	nil
3	:ok	:read	[0 1 2 3 4 5 6 7 8 9 10 11 12 13 14 15]
4	:invoke	:broadcast	16
4	:ok	:broadcast	16
0	:invoke	:broadcast	17
0	:ok	:broadcast	17
0	:invoke	:broadcast	18
0	:ok	:broadcast	18
1	:invoke	:broadcast	19
1	:ok	:broadcast	19
2	:invoke	:read	nil
2	:ok	:read	[0 1 2 3 4 5 6 7 8 9 10 11 12 13 14 15 16 17 18 19]
3	:invoke	:read	nil
3	:ok	:read	[0 1 2 3 4 5 6 7 8 9 10 11 12 13 14 15 16 17 18 19]
4	:invoke	:broadcast	20
4	:ok	:broadcast	20
0	:invoke	:broadcast	21
0	:ok	:broadcast	21
0	:invoke	:read	nil
0	:ok	:read	[0 1 2 3 4 5 6 7 8 9 10 11 12 13 14 15 16 17 18 19 20 21]
1	:invoke	:read	nil
1	:ok	:read	[0 1 2 3 4 5 6 7 8 9 10 11 12 13 14 15 16 17 18 19 20 21]
2	:invoke	:read	nil
2	:ok	:read	[0 1 2 3 4 5 6 7 8 9 10 11 12 13 14 15 16 17 18 19 20 21]
3	:invoke	:read	nil
3	:ok	:read	[0 1 2 3 4 5 6 7 8 9 10 11 12 13 14 15 16 17 18 19 20 21]
4	:invoke	:broadcast	22
4	:ok	:broadcast	22
0	:invoke	:broadcast	23
0	:ok	:broadcast	23
0	:invoke	:read	nil
0	:ok	:read	[0 1 2 3 4 5 6 7 8 9 10 11 12 13 14 15 16 17 18 19 20 21 22 23]
1	:invoke	:broadcast	24
1	:ok	:broadcast	24
2	:invoke	:broadcast	25
2	:ok	:broadcast	25
3	:invoke	:read	nil
3	:ok	:read	[0 1 2 3 4 5 6 7 8 9 10 11 12 13 14 15 16 17 18 19 20 21 22 23 24 25]
4	:invoke	:broadcast	26
4	:ok	:broadcast	26
0	:invoke	:broadcast	27
0	:ok	:broadcast	27
0	:invoke	:read	nil
0	:ok	:read	[0 1 2 3 4 5 6 7 8 9 10 11 12 13 14 15 16 17 18 19 20 21 22 23 24 25 26 27]
1	:invoke	:read	nil
1	:ok	:read	[0 1 2 3 4 5 6 7 8 9 10 11 12 13 14 15 16 17 18 19 20 21 22 23 24 25 26 27]
2	:invoke	:broadcast	28
2	:ok	:broadcast	28
3	:invoke	:read	nil
3	:ok	:read	[0 1 2 3 4 5 6 7 8 9 10 11 12 13 14 15 16 17 18 19 20 21 22 23 24 25 26 27 28]
4	:invoke	:broadcast	29
4	:ok	:broadcast	29
0	:invoke	:read	nil
0	:ok	:read	[0 1 2 3 4 5 6 7 8 9 10 11 12 13 14 15 16 17 18 19 20 21 22 23 24 25 26 27 28 29]
0	:invoke	:broadcast	30
0	:ok	:broadcast	30
1	:invoke	:broadcast	31
1	:ok	:broadcast	31
2	:invoke	:broadcast	32
2	:ok	:broadcast	32
3	:invoke	:read	nil
3	:ok	:read	[0 1 2 3 4 5 6 7 8 9 10 11 12 13 14 15 16 17 18 19 20 21 22 23 24 25 26 27 28 29 30 31 32]
4	:invoke	:read	nil
4	:ok	:read	[0 1 2 3 4 5 6 7 8 9 10 11 12 13 14 15 16 17 18 19 20 21 22 23 24 25 26 27 28 29 30 31 32]
0	:invoke	:broadcast	33
0	:ok	:broadcast	33
0	:invoke	:broadcast	34
0	:ok	:broadcast	34
1	:invoke	:broadcast	35
1	:ok	:broadcast	35
2	:invoke	:broadcast	36
2	:ok	:broadcast	36
3	:invoke	:broadcast	37
3	:ok	:broadcast	37
4	:invoke	:broadcast	38
4	:ok	:broadcast	38
0	:invoke	:read	nil
0	:ok	:read	[0 1 2 3 4 5 6 7 8 9 10 11 12 13 14 15 16 17 18 19 20 21 22 23 24 25 26 27 28 29 30 31 32 33 34 35 36 37 38]
0	:invoke	:read	nil
0	:ok	:read	[0 1 2 3 4 5 6 7 8 9 10 11 12 13 14 15 16 17 18 19 20 21 22 23 24 25 26 27 28 29 30 31 32 33 34 35 36 37 38]
1	:invoke	:broadcast	39
1	:ok	:broadcast	39
2	:invoke	:read	nil
2	:ok	:read	[0 1 2 3 4 5 6 7 8 9 10 11 12 13 14 15 16 17 18 19 20 21 22 23 24 25 26 27 28 29 30 31 32 33 34 35 36 37 38 39]
3	:invoke	:read	nil
3	:ok	:read	[0 1 2 3 4 5 6 7 8 9 10 11 12 13 14 15 16 17 18 19 20 21 22 23 24 25 26 27 28 29 30 31 32 33 34 35 36 37 38 39]
4	:invoke	:broadcast	40
4	:ok	:broadcast	40
0	:invoke	:broadcast	41
0	:ok	:broadcast	41
0	:invoke	:read	nil
0	:ok	:read	[0 1 2 3 4 5 6 7 8 9 10 11 12 13 14 15 16 17 18 19 20 21 22 23 24 25 26 27 28 29 30 31 32 33 34 35 36 37 38 39 40 41]
1	:invoke	:broadcast	42
1	:ok	:broadcast	42
2	:invoke	:broadcast	43
2	:ok	:broadcast	43
3	:invoke	:broadcast	44
3	:ok	:broadcast	44
4	:invoke	:broadcast	45
4	:ok	:broadcast	45
0	:invoke	:read	nil
0	:ok	:read	[0 1 2 3 4 5 6 7 8 9 10 11 12 13 14 15 16 17 18 19 20 21 22 23 24 25 26 27 28 29 30 31 32 33 34 35 36 37 38 39 40 41 42 43 44 45]
0	:invoke	:read	nil
0	:ok	:read	[0 1 2 3 4 5 6 7 8 9 10 11 12 13 14 15 16 17 18 19 20 21 22 23 24 25 26 27 28 29 30 31 32 33 34 35 36 37 38 39 40 41 42 43 44 45]
1	:invoke	:read	nil
1	:ok	:read	[0 1 2 3 4 5 6 7 8 9 10 11 12 13 14 15 16 17 18 19 20 21 22 23 24 25 26 27 28 29 30 31 32 33 34 35 36 37 38 39 40 41 42 43 44 45]
2	:invoke	:read	nil
2	:ok	:read	[0 1 2 3 4 5 6 7 8 9 10 11 12 13 14 15 16 17 18 19 20 21 22 23 24 25 26 27 28 29 30 31 32 33 34 35 36 37 38 39 40 41 42 43 44 45]
3	:invoke	:broadcast	46
3	:ok	:broadcast	46
4	:invoke	:broadcast	47
4	:ok	:broadcast	47
0	:invoke	:read	nil
0	:ok	:read	[0 1 2 3 4 5 6 7 8 9 10 11 12 13 14 15 16 17 18 19 20 21 22 23 24 25 26 27 28 29 30 31 32 33 34 35 36 37 38 39 40 41 42 43 44 45 46 47]
0	:invoke	:broadcast	48
0	:ok	:broadcast	48
1	:invoke	:broadcast	49
1	:ok	:broadcast	49
2	:invoke	:read	nil
2	:ok	:read	[0 1 2 3 4 5 6 7 8 9 10 11 12 13 14 15 16 17 18 19 20 21 22 23 24 25 26 27 28 29 30 31 32 33 34 35 36 37 38 39 40 41 42 43 44 45 46 47 48 49]
3	:invoke	:read	nil
3	:ok	:read	[0 1 2 3 4 5 6 7 8 9 10 11 12 13 14 15 16 17 18 19 20 21 22 23 24 25 26 27 28 29 30 31 32 33 34 35 36 37 38 39 40 41 42 43 44 45 46 47 48 49]
4	:invoke	:read	nil
4	:ok	:read	[0 1 2 3 4 5 6 7 8 9 10 11 12 13 14 15 16 17 18 19 20 21 22 23 24 25 26 27 28 29 30 31 32 33 34 35 36 37 38 39 40 41 42 43 44 45 46 47 48 49]
0	:invoke	:broadcast	50
0	:ok	:broadcast	50
0	:invoke	:broadcast	51
0	:ok	:broadcast	51
1	:invoke	:broadcast	52
1	:ok	:broadcast	52
2	:invoke	:broadcast	53
2	:ok	:broadcast	53
3	:invoke	:read	nil
3	:ok	:read	[0 1 2 3 4 5 6 7 8 9 10 11 12 13 14 15 16 17 18 19 20 21 22 23 24 25 26 27 28 29 30 31 32 33 34 35 36 37 38 39 40 41 42 43 44 45 46 47 48 49 50 51 52 53]
4	:invoke	:broadcast	54
4	:ok	:broadcast	54
0	:invoke	:broadcast	55
0	:ok	:broadcast	55
0	:invoke	:read	nil
1	:invoke	:read	nil
0	:ok	:read	[0 1 2 3 4 5 6 7 8 9 10 11 12 13 14 15 16 17 18 19 20 21 22 23 24 25 26 27 28 29 30 31 32 33 34 35 36 37 38 39 40 41 42 43 44 45 46 47 48 49 50 51 52 53 54 55]
1	:ok	:read	[0 1 2 3 4 5 6 7 8 9 10 11 12 13 14 15 16 17 18 19 20 21 22 23 24 25 26 27 28 29 30 31 32 33 34 35 36 37 38 39 40 41 42 43 44 45 46 47 48 49 50 51 52 53 54 55]
2	:invoke	:read	nil
2	:ok	:read	[0 1 2 3 4 5 6 7 8 9 10 11 12 13 14 15 16 17 18 19 20 21 22 23 24 25 26 27 28 29 30 31 32 33 34 35 36 37 38 39 40 41 42 43 44 45 46 47 48 49 50 51 52 53 54 55]
3	:invoke	:broadcast	56
3	:ok	:broadcast	56
4	:invoke	:read	nil
4	:ok	:read	[0 1 2 3 4 5 6 7 8 9 10 11 12 13 14 15 16 17 18 19 20 21 22 23 24 25 26 27 28 29 30 31 32 33 34 35 36 37 38 39 40 41 42 43 44 45 46 47 48 49 50 51 52 53 54 55 56]
0	:invoke	:broadcast	57
0	:ok	:broadcast	57
0	:invoke	:broadcast	58
0	:ok	:broadcast	58
1	:invoke	:broadcast	59
1	:ok	:broadcast	59
2	:invoke	:read	nil
2	:ok	:read	[0 1 2 3 4 5 6 7 8 9 10 11 12 13 14 15 16 17 18 19 20 21 22 23 24 25 26 27 28 29 30 31 32 33 34 35 36 37 38 39 40 41 42 43 44 45 46 47 48 49 50 51 52 53 54 55 56 57 58 59]
3	:invoke	:read	nil
3	:ok	:read	[0 1 2 3 4 5 6 7 8 9 10 11 12 13 14 15 16 17 18 19 20 21 22 23 24 25 26 27 28 29 30 31 32 33 34 35 36 37 38 39 40 41 42 43 44 45 46 47 48 49 50 51 52 53 54 55 56 57 58 59]
4	:invoke	:broadcast	60
4	:ok	:broadcast	60
0	:invoke	:broadcast	61
0	:ok	:broadcast	61
0	:invoke	:broadcast	62
0	:ok	:broadcast	62
1	:invoke	:read	nil
1	:ok	:read	[0 1 2 3 4 5 6 7 8 9 10 11 12 13 14 15 16 17 18 19 20 21 22 23 24 25 26 27 28 29 30 31 32 33 34 35 36 37 38 39 40 41 42 43 44 45 46 47 48 49 50 51 52 53 54 55 56 57 58 59 60 61 62]
2	:invoke	:read	nil
2	:ok	:read	[0 1 2 3 4 5 6 7 8 9 10 11 12 13 14 15 16 17 18 19 20 21 22 23 24 25 26 27 28 29 30 31 32 33 34 35 36 37 38 39 40 41 42 43 44 45 46 47 48 49 50 51 52 53 54 55 56 57 58 59 60 61 62]
3	:invoke	:read	nil
3	:ok	:read	[0 1 2 3 4 5 6 7 8 9 10 11 12 13 14 15 16 17 18 19 20 21 22 23 24 25 26 27 28 29 30 31 32 33 34 35 36 37 38 39 40 41 42 43 44 45 46 47 48 49 50 51 52 53 54 55 56 57 58 59 60 61 62]
4	:invoke	:read	nil
4	:ok	:read	[0 1 2 3 4 5 6 7 8 9 10 11 12 13 14 15 16 17 18 19 20 21 22 23 24 25 26 27 28 29 30 31 32 33 34 35 36 37 38 39 40 41 42 43 44 45 46 47 48 49 50 51 52 53 54 55 56 57 58 59 60 61 62]
0	:invoke	:read	nil
0	:ok	:read	[0 1 2 3 4 5 6 7 8 9 10 11 12 13 14 15 16 17 18 19 20 21 22 23 24 25 26 27 28 29 30 31 32 33 34 35 36 37 38 39 40 41 42 43 44 45 46 47 48 49 50 51 52 53 54 55 56 57 58 59 60 61 62]
0	:invoke	:read	nil
0	:ok	:read	[0 1 2 3 4 5 6 7 8 9 10 11 12 13 14 15 16 17 18 19 20 21 22 23 24 25 26 27 28 29 30 31 32 33 34 35 36 37 38 39 40 41 42 43 44 45 46 47 48 49 50 51 52 53 54 55 56 57 58 59 60 61 62]
1	:invoke	:read	nil
1	:ok	:read	[0 1 2 3 4 5 6 7 8 9 10 11 12 13 14 15 16 17 18 19 20 21 22 23 24 25 26 27 28 29 30 31 32 33 34 35 36 37 38 39 40 41 42 43 44 45 46 47 48 49 50 51 52 53 54 55 56 57 58 59 60 61 62]
2	:invoke	:broadcast	63
2	:ok	:broadcast	63
3	:invoke	:broadcast	64
3	:ok	:broadcast	64
4	:invoke	:broadcast	65
4	:ok	:broadcast	65
0	:invoke	:broadcast	66
0	:ok	:broadcast	66
0	:invoke	:broadcast	67
0	:ok	:broadcast	67
1	:invoke	:read	nil
1	:ok	:read	[0 1 2 3 4 5 6 7 8 9 10 11 12 13 14 15 16 17 18 19 20 21 22 23 24 25 26 27 28 29 30 31 32 33 34 35 36 37 38 39 40 41 42 43 44 45 46 47 48 49 50 51 52 53 54 55 56 57 58 59 60 61 62 63 64 65 66 67]
2	:invoke	:read	nil
2	:ok	:read	[0 1 2 3 4 5 6 7 8 9 10 11 12 13 14 15 16 17 18 19 20 21 22 23 24 25 26 27 28 29 30 31 32 33 34 35 36 37 38 39 40 41 42 43 44 45 46 47 48 49 50 51 52 53 54 55 56 57 58 59 60 61 62 63 64 65 66 67]
3	:invoke	:read	nil
3	:ok	:read	[0 1 2 3 4 5 6 7 8 9 10 11 12 13 14 15 16 17 18 19 20 21 22 23 24 25 26 27 28 29 30 31 32 33 34 35 36 37 38 39 40 41 42 43 44 45 46 47 48 49 50 51 52 53 54 55 56 57 58 59 60 61 62 63 64 65 66 67]
4	:invoke	:read	nil
4	:ok	:read	[0 1 2 3 4 5 6 7 8 9 10 11 12 13 14 15 16 17 18 19 20 21 22 23 24 25 26 27 28 29 30 31 32 33 34 35 36 37 38 39 40 41 42 43 44 45 46 47 48 49 50 51 52 53 54 55 56 57 58 59 60 61 62 63 64 65 66 67]
0	:invoke	:read	nil
0	:ok	:read	[0 1 2 3 4 5 6 7 8 9 10 11 12 13 14 15 16 17 18 19 20 21 22 23 24 25 26 27 28 29 30 31 32 33 34 35 36 37 38 39 40 41 42 43 44 45 46 47 48 49 50 51 52 53 54 55 56 57 58 59 60 61 62 63 64 65 66 67]
0	:invoke	:read	nil
1	:invoke	:read	nil
0	:ok	:read	[0 1 2 3 4 5 6 7 8 9 10 11 12 13 14 15 16 17 18 19 20 21 22 23 24 25 26 27 28 29 30 31 32 33 34 35 36 37 38 39 40 41 42 43 44 45 46 47 48 49 50 51 52 53 54 55 56 57 58 59 60 61 62 63 64 65 66 67]
1	:ok	:read	[0 1 2 3 4 5 6 7 8 9 10 11 12 13 14 15 16 17 18 19 20 21 22 23 24 25 26 27 28 29 30 31 32 33 34 35 36 37 38 39 40 41 42 43 44 45 46 47 48 49 50 51 52 53 54 55 56 57 58 59 60 61 62 63 64 65 66 67]
2	:invoke	:read	nil
2	:ok	:read	[0 1 2 3 4 5 6 7 8 9 10 11 12 13 14 15 16 17 18 19 20 21 22 23 24 25 26 27 28 29 30 31 32 33 34 35 36 37 38 39 40 41 42 43 44 45 46 47 48 49 50 51 52 53 54 55 56 57 58 59 60 61 62 63 64 65 66 67]
3	:invoke	:read	nil
3	:ok	:read	[0 1 2 3 4 5 6 7 8 9 10 11 12 13 14 15 16 17 18 19 20 21 22 23 24 25 26 27 28 29 30 31 32 33 34 35 36 37 38 39 40 41 42 43 44 45 46 47 48 49 50 51 52 53 54 55 56 57 58 59 60 61 62 63 64 65 66 67]
4	:invoke	:read	nil
4	:ok	:read	[0 1 2 3 4 5 6 7 8 9 10 11 12 13 14 15 16 17 18 19 20 21 22 23 24 25 26 27 28 29 30 31 32 33 34 35 36 37 38 39 40 41 42 43 44 45 46 47 48 49 50 51 52 53 54 55 56 57 58 59 60 61 62 63 64 65 66 67]
0	:invoke	:read	nil
0	:ok	:read	[0 1 2 3 4 5 6 7 8 9 10 11 12 13 14 15 16 17 18 19 20 21 22 23 24 25 26 27 28 29 30 31 32 33 34 35 36 37 38 39 40 41 42 43 44 45 46 47 48 49 50 51 52 53 54 55 56 57 58 59 60 61 62 63 64 65 66 67]
0	:invoke	:broadcast	68
0	:ok	:broadcast	68
1	:invoke	:read	nil
1	:ok	:read	[0 1 2 3 4 5 6 7 8 9 10 11 12 13 14 15 16 17 18 19 20 21 22 23 24 25 26 27 28 29 30 31 32 33 34 35 36 37 38 39 40 41 42 43 44 45 46 47 48 49 50 51 52 53 54 55 56 57 58 59 60 61 62 63 64 65 66 67 68]
2	:invoke	:read	nil
2	:ok	:read	[0 1 2 3 4 5 6 7 8 9 10 11 12 13 14 15 16 17 18 19 20 21 22 23 24 25 26 27 28 29 30 31 32 33 34 35 36 37 38 39 40 41 42 43 44 45 46 47 48 49 50 51 52 53 54 55 56 57 58 59 60 61 62 63 64 65 66 67 68]
3	:invoke	:read	nil
3	:ok	:read	[0 1 2 3 4 5 6 7 8 9 10 11 12 13 14 15 16 17 18 19 20 21 22 23 24 25 26 27 28 29 30 31 32 33 34 35 36 37 38 39 40 41 42 43 44 45 46 47 48 49 50 51 52 53 54 55 56 57 58 59 60 61 62 63 64 65 66 67 68]
4	:invoke	:broadcast	69
4	:ok	:broadcast	69
0	:invoke	:read	nil
0	:ok	:read	[0 1 2 3 4 5 6 7 8 9 10 11 12 13 14 15 16 17 18 19 20 21 22 23 24 25 26 27 28 29 30 31 32 33 34 35 36 37 38 39 40 41 42 43 44 45 46 47 48 49 50 51 52 53 54 55 56 57 58 59 60 61 62 63 64 65 66 67 68 69]
0	:invoke	:read	nil
0	:ok	:read	[0 1 2 3 4 5 6 7 8 9 10 11 12 13 14 15 16 17 18 19 20 21 22 23 24 25 26 27 28 29 30 31 32 33 34 35 36 37 38 39 40 41 42 43 44 45 46 47 48 49 50 51 52 53 54 55 56 57 58 59 60 61 62 63 64 65 66 67 68 69]
1	:invoke	:read	nil
1	:ok	:read	[0 1 2 3 4 5 6 7 8 9 10 11 12 13 14 15 16 17 18 19 20 21 22 23 24 25 26 27 28 29 30 31 32 33 34 35 36 37 38 39 40 41 42 43 44 45 46 47 48 49 50 51 52 53 54 55 56 57 58 59 60 61 62 63 64 65 66 67 68 69]
2	:invoke	:read	nil
2	:ok	:read	[0 1 2 3 4 5 6 7 8 9 10 11 12 13 14 15 16 17 18 19 20 21 22 23 24 25 26 27 28 29 30 31 32 33 34 35 36 37 38 39 40 41 42 43 44 45 46 47 48 49 50 51 52 53 54 55 56 57 58 59 60 61 62 63 64 65 66 67 68 69]
3	:invoke	:broadcast	70
3	:ok	:broadcast	70
4	:invoke	:read	nil
4	:ok	:read	[0 1 2 3 4 5 6 7 8 9 10 11 12 13 14 15 16 17 18 19 20 21 22 23 24 25 26 27 28 29 30 31 32 33 34 35 36 37 38 39 40 41 42 43 44 45 46 47 48 49 50 51 52 53 54 55 56 57 58 59 60 61 62 63 64 65 66 67 68 69 70]
0	:invoke	:broadcast	71
0	:ok	:broadcast	71
0	:invoke	:broadcast	72
0	:ok	:broadcast	72
1	:invoke	:read	nil
1	:ok	:read	[0 1 2 3 4 5 6 7 8 9 10 11 12 13 14 15 16 17 18 19 20 21 22 23 24 25 26 27 28 29 30 31 32 33 34 35 36 37 38 39 40 41 42 43 44 45 46 47 48 49 50 51 52 53 54 55 56 57 58 59 60 61 62 63 64 65 66 67 68 69 70 71 72]
2	:invoke	:read	nil
2	:ok	:read	[0 1 2 3 4 5 6 7 8 9 10 11 12 13 14 15 16 17 18 19 20 21 22 23 24 25 26 27 28 29 30 31 32 33 34 35 36 37 38 39 40 41 42 43 44 45 46 47 48 49 50 51 52 53 54 55 56 57 58 59 60 61 62 63 64 65 66 67 68 69 70 71 72]
3	:invoke	:broadcast	73
3	:ok	:broadcast	73
4	:invoke	:read	nil
4	:ok	:read	[0 1 2 3 4 5 6 7 8 9 10 11 12 13 14 15 16 17 18 19 20 21 22 23 24 25 26 27 28 29 30 31 32 33 34 35 36 37 38 39 40 41 42 43 44 45 46 47 48 49 50 51 52 53 54 55 56 57 58 59 60 61 62 63 64 65 66 67 68 69 70 71 72 73]
0	:invoke	:read	nil
0	:ok	:read	[0 1 2 3 4 5 6 7 8 9 10 11 12 13 14 15 16 17 18 19 20 21 22 23 24 25 26 27 28 29 30 31 32 33 34 35 36 37 38 39 40 41 42 43 44 45 46 47 48 49 50 51 52 53 54 55 56 57 58 59 60 61 62 63 64 65 66 67 68 69 70 71 72 73]
0	:invoke	:broadcast	74
0	:ok	:broadcast	74
1	:invoke	:broadcast	75
1	:ok	:broadcast	75
2	:invoke	:broadcast	76
2	:ok	:broadcast	76
3	:invoke	:broadcast	77
3	:ok	:broadcast	77
4	:invoke	:read	nil
4	:ok	:read	[0 1 2 3 4 5 6 7 8 9 10 11 12 13 14 15 16 17 18 19 20 21 22 23 24 25 26 27 28 29 30 31 32 33 34 35 36 37 38 39 40 41 42 43 44 45 46 47 48 49 50 51 52 53 54 55 56 57 58 59 60 61 62 63 64 65 66 67 68 69 70 71 72 73 74 75 76 77]
0	:invoke	:broadcast	78
0	:ok	:broadcast	78
0	:invoke	:broadcast	79
0	:ok	:broadcast	79
1	:invoke	:read	nil
1	:ok	:read	[0 1 2 3 4 5 6 7 8 9 10 11 12 13 14 15 16 17 18 19 20 21 22 23 24 25 26 27 28 29 30 31 32 33 34 35 36 37 38 39 40 41 42 43 44 45 46 47 48 49 50 51 52 53 54 55 56 57 58 59 60 61 62 63 64 65 66 67 68 69 70 71 72 73 74 75 76 77 78 79]
2	:invoke	:broadcast	80
2	:ok	:broadcast	80
3	:invoke	:read	nil
3	:ok	:read	[0 1 2 3 4 5 6 7 8 9 10 11 12 13 14 15 16 17 18 19 20 21 22 23 24 25 26 27 28 29 30 31 32 33 34 35 36 37 38 39 40 41 42 43 44 45 46 47 48 49 50 51 52 53 54 55 56 57 58 59 60 61 62 63 64 65 66 67 68 69 70 71 72 73 74 75 76 77 78 79 80]
4	:invoke	:broadcast	81
4	:ok	:broadcast	81
0	:invoke	:read	nil
0	:ok	:read	[0 1 2 3 4 5 6 7 8 9 10 11 12 13 14 15 16 17 18 19 20 21 22 23 24 25 26 27 28 29 30 31 32 33 34 35 36 37 38 39 40 41 42 43 44 45 46 47 48 49 50 51 52 53 54 55 56 57 58 59 60 61 62 63 64 65 66 67 68 69 70 71 72 73 74 75 76 77 78 79 80 81]
0	:invoke	:broadcast	82
0	:ok	:broadcast	82
1	:invoke	:broadcast	83
1	:ok	:broadcast	83
2	:invoke	:broadcast	84
2	:ok	:broadcast	84
3	:invoke	:broadcast	85
3	:ok	:broadcast	85
4	:invoke	:read	nil
4	:ok	:read	[0 1 2 3 4 5 6 7 8 9 10 11 12 13 14 15 16 17 18 19 20 21 22 23 24 25 26 27 28 29 30 31 32 33 34 35 36 37 38 39 40 41 42 43 44 45 46 47 48 49 50 51 52 53 54 55 56 57 58 59 60 61 62 63 64 65 66 67 68 69 70 71 72 73 74 75 76 77 78 79 80 81 82 83 84 85]
0	:invoke	:broadcast	86
0	:ok	:broadcast	86
0	:invoke	:broadcast	87
0	:ok	:broadcast	87
1	:invoke	:broadcast	88
1	:ok	:broadcast	88
2	:invoke	:broadcast	89
2	:ok	:broadcast	89
3	:invoke	:broadcast	90
3	:ok	:broadcast	90
4	:invoke	:broadcast	91
4	:ok	:broadcast	91
0	:invoke	:read	nil
0	:ok	:read	[0 1 2 3 4 5 6 7 8 9 10 11 12 13 14 15 16 17 18 19 20 21 22 23 24 25 26 27 28 29 30 31 32 33 34 35 36 37 38 39 40 41 42 43 44 45 46 47 48 49 50 51 52 53 54 55 56 57 58 59 60 61 62 63 64 65 66 67 68 69 70 71 72 73 74 75 76 77 78 79 80 81 82 83 84 85 86 87 88 89 90 91]
0	:invoke	:broadcast	92
0	:ok	:broadcast	92
1	:invoke	:broadcast	93
1	:ok	:broadcast	93
2	:invoke	:read	nil
2	:ok	:read	[0 1 2 3 4 5 6 7 8 9 10 11 12 13 14 15 16 17 18 19 20 21 22 23 24 25 26 27 28 29 30 31 32 33 34 35 36 37 38 39 40 41 42 43 44 45 46 47 48 49 50 51 52 53 54 55 56 57 58 59 60 61 62 63 64 65 66 67 68 69 70 71 72 73 74 75 76 77 78 79 80 81 82 83 84 85 86 87 88 89 90 91 92 93]
3	:invoke	:broadcast	94
3	:ok	:broadcast	94
4	:invoke	:read	nil
4	:ok	:read	[0 1 2 3 4 5 6 7 8 9 10 11 12 13 14 15 16 17 18 19 20 21 22 23 24 25 26 27 28 29 30 31 32 33 34 35 36 37 38 39 40 41 42 43 44 45 46 47 48 49 50 51 52 53 54 55 56 57 58 59 60 61 62 63 64 65 66 67 68 69 70 71 72 73 74 75 76 77 78 79 80 81 82 83 84 85 86 87 88 89 90 91 92 93 94]
0	:invoke	:broadcast	95
0	:ok	:broadcast	95
0	:invoke	:read	nil
0	:ok	:read	[0 1 2 3 4 5 6 7 8 9 10 11 12 13 14 15 16 17 18 19 20 21 22 23 24 25 26 27 28 29 30 31 32 33 34 35 36 37 38 39 40 41 42 43 44 45 46 47 48 49 50 51 52 53 54 55 56 57 58 59 60 61 62 63 64 65 66 67 68 69 70 71 72 73 74 75 76 77 78 79 80 81 82 83 84 85 86 87 88 89 90 91 92 93 94 95]
1	:invoke	:broadcast	96
1	:ok	:broadcast	96
2	:invoke	:read	nil
2	:ok	:read	[0 1 2 3 4 5 6 7 8 9 10 11 12 13 14 15 16 17 18 19 20 21 22 23 24 25 26 27 28 29 30 31 32 33 34 35 36 37 38 39 40 41 42 43 44 45 46 47 48 49 50 51 52 53 54 55 56 57 58 59 60 61 62 63 64 65 66 67 68 69 70 71 72 73 74 75 76 77 78 79 80 81 82 83 84 85 86 87 88 89 90 91 92 93 94 95 96]
3	:invoke	:read	nil
3	:ok	:read	[0 1 2 3 4 5 6 7 8 9 10 11 12 13 14 15 16 17 18 19 20 21 22 23 24 25 26 27 28 29 30 31 32 33 34 35 36 37 38 39 40 41 42 43 44 45 46 47 48 49 50 51 52 53 54 55 56 57 58 59 60 61 62 63 64 65 66 67 68 69 70 71 72 73 74 75 76 77 78 79 80 81 82 83 84 85 86 87 88 89 90 91 92 93 94 95 96]
4	:invoke	:read	nil
4	:ok	:read	[0 1 2 3 4 5 6 7 8 9 10 11 12 13 14 15 16 17 18 19 20 21 22 23 24 25 26 27 28 29 30 31 32 33 34 35 36 37 38 39 40 41 42 43 44 45 46 47 48 49 50 51 52 53 54 55 56 57 58 59 60 61 62 63 64 65 66 67 68 69 70 71 72 73 74 75 76 77 78 79 80 81 82 83 84 85 86 87 88 89 90 91 92 93 94 95 96]
0	:invoke	:read	nil
0	:ok	:read	[0 1 2 3 4 5 6 7 8 9 10 11 12 13 14 15 16 17 18 19 20 21 22 23 24 25 26 27 28 29 30 31 32 33 34 35 36 37 38 39 40 41 42 43 44 45 46 47 48 49 50 51 52 53 54 55 56 57 58 59 60 61 62 63 64 65 66 67 68 69 70 71 72 73 74 75 76 77 78 79 80 81 82 83 84 85 86 87 88 89 90 91 92 93 94 95 96]
0	:invoke	:read	nil
0	:ok	:read	[0 1 2 3 4 5 6 7 8 9 10 11 12 13 14 15 16 17 18 19 20 21 22 23 24 25 26 27 28 29 30 31 32 33 34 35 36 37 38 39 40 41 42 43 44 45 46 47 48 49 50 51 52 53 54 55 56 57 58 59 60 61 62 63 64 65 66 67 68 69 70 71 72 73 74 75 76 77 78 79 80 81 82 83 84 85 86 87 88 89 90 91 92 93 94 95 96]
1	:invoke	:broadcast	97
1	:ok	:broadcast	97
2	:invoke	:broadcast	98
2	:ok	:broadcast	98
3	:invoke	:broadcast	99
3	:ok	:broadcast	99
4	:invoke	:read	nil
4	:ok	:read	[0 1 2 3 4 5 6 7 8 9 10 11 12 13 14 15 16 17 18 19 20 21 22 23 24 25 26 27 28 29 30 31 32 33 34 35 36 37 38 39 40 41 42 43 44 45 46 47 48 49 50 51 52 53 54 55 56 57 58 59 60 61 62 63 64 65 66 67 68 69 70 71 72 73 74 75 76 77 78 79 80 81 82 83 84 85 86 87 88 89 90 91 92 93 94 95 96 97 98 99]
0	:invoke	:read	nil
0	:ok	:read	[0 1 2 3 4 5 6 7 8 9 10 11 12 13 14 15 16 17 18 19 20 21 22 23 24 25 26 27 28 29 30 31 32 33 34 35 36 37 38 39 40 41 42 43 44 45 46 47 48 49 50 51 52 53 54 55 56 57 58 59 60 61 62 63 64 65 66 67 68 69 70 71 72 73 74 75 76 77 78 79 80 81 82 83 84 85 86 87 88 89 90 91 92 93 94 95 96 97 98 99]
0	:invoke	:broadcast	100
0	:ok	:broadcast	100
1	:invoke	:broadcast	101
1	:ok	:broadcast	101
2	:invoke	:broadcast	102
2	:ok	:broadcast	102
3	:invoke	:broadcast	103
3	:ok	:broadcast	103
4	:invoke	:broadcast	104
4	:ok	:broadcast	104
3	:invoke	:read	nil
0	:invoke	:read	nil
4	:invoke	:read	nil
2	:invoke	:read	nil
1	:invoke	:read	nil
4	:ok	:read	[0 1 2 3 4 5 6 7 8 9 10 11 12 13 14 15 16 17 18 19 20 21 22 23 24 25 26 27 28 29 30 31 32 33 34 35 36 37 38 39 40 41 42 43 44 45 46 47 48 49 50 51 52 53 54 55 56 57 58 59 60 61 62 63 64 65 66 67 68 69 70 71 72 73 74 75 76 77 78 79 80 81 82 83 84 85 86 87 88 89 90 91 92 93 94 95 96 97 98 99 100 101 102 103 104]
0	:ok	:read	[0 1 2 3 4 5 6 7 8 9 10 11 12 13 14 15 16 17 18 19 20 21 22 23 24 25 26 27 28 29 30 31 32 33 34 35 36 37 38 39 40 41 42 43 44 45 46 47 48 49 50 51 52 53 54 55 56 57 58 59 60 61 62 63 64 65 66 67 68 69 70 71 72 73 74 75 76 77 78 79 80 81 82 83 84 85 86 87 88 89 90 91 92 93 94 95 96 97 98 99 100 101 102 103 104]
1	:ok	:read	[0 1 2 3 4 5 6 7 8 9 10 11 12 13 14 15 16 17 18 19 20 21 22 23 24 25 26 27 28 29 30 31 32 33 34 35 36 37 38 39 40 41 42 43 44 45 46 47 48 49 50 51 52 53 54 55 56 57 58 59 60 61 62 63 64 65 66 67 68 69 70 71 72 73 74 75 76 77 78 79 80 81 82 83 84 85 86 87 88 89 90 91 92 93 94 95 96 97 98 99 100 101 102 103 104]
3	:ok	:read	[0 1 2 3 4 5 6 7 8 9 10 11 12 13 14 15 16 17 18 19 20 21 22 23 24 25 26 27 28 29 30 31 32 33 34 35 36 37 38 39 40 41 42 43 44 45 46 47 48 49 50 51 52 53 54 55 56 57 58 59 60 61 62 63 64 65 66 67 68 69 70 71 72 73 74 75 76 77 78 79 80 81 82 83 84 85 86 87 88 89 90 91 92 93 94 95 96 97 98 99 100 101 102 103 104]
2	:ok	:read	[0 1 2 3 4 5 6 7 8 9 10 11 12 13 14 15 16 17 18 19 20 21 22 23 24 25 26 27 28 29 30 31 32 33 34 35 36 37 38 39 40 41 42 43 44 45 46 47 48 49 50 51 52 53 54 55 56 57 58 59 60 61 62 63 64 65 66 67 68 69 70 71 72 73 74 75 76 77 78 79 80 81 82 83 84 85 86 87 88 89 90 91 92 93 94 95 96 97 98 99 100 101 102 103 104]
